    1   13   11    0       0.000       0.000       0.000
### Wave Heading (deg) ###
       0.000
      30.000
      60.000
      90.000
     120.000
     150.000
     180.000
     210.000
     240.000
     270.000
     300.000
     330.000
     360.000
### Scaling Factor ###
    0.10000E+01    0.10000E+01    0.10000E+01    0.10000E+01    0.10000E+01    0.10000E+01
### Heading :       0.000 (deg) ###
0.350	5.813000	-0.026110	0.000000	0.000000	0.000000	-1.962000
0.400	8.771000	-0.049190	0.000000	0.000000	0.000000	-1.485000
0.450	12.130000	-0.077780	0.000000	0.000000	0.000000	-2.594000
0.500	16.940000	-0.114400	0.000000	0.000000	0.000000	-5.039000
0.550	27.170000	-0.137000	0.000000	0.000000	0.000000	-7.576000
0.600	46.140000	-0.150200	0.000000	0.000000	0.000000	-9.479000
0.650	61.030000	-0.070350	0.000000	0.000000	0.000000	-4.685000
0.700	58.880000	0.069240	0.000000	0.000000	0.000000	5.983000
0.750	51.120000	0.150800	0.000000	0.000000	0.000000	14.390000
0.800	62.080000	0.042300	0.000000	0.000000	0.000000	10.320000
0.850	75.060000	-0.191200	0.000000	0.000000	0.000000	-0.361200
### Heading :      30.000 (deg) ###
0.350	-5.612000	3.467000	0.000000	0.000000	0.000000	2123.000000
0.400	-5.306000	5.997000	0.000000	0.000000	0.000000	-1907.000000
0.450	1.666000	6.458000	0.000000	0.000000	0.000000	-2022.000000
0.500	7.510000	6.825000	0.000000	0.000000	0.000000	-2377.000000
0.550	18.320000	8.195000	0.000000	0.000000	0.000000	-3078.000000
0.600	40.740000	14.590000	0.000000	0.000000	0.000000	-4242.000000
0.650	70.430000	28.790000	0.000000	0.000000	0.000000	-5338.000000
0.700	89.560000	53.200000	0.000000	0.000000	0.000000	-6028.000000
0.750	83.300000	87.120000	0.000000	0.000000	0.000000	-5166.000000
0.800	64.050000	129.100000	0.000000	0.000000	0.000000	-2961.000000
0.850	59.090000	173.600000	0.000000	0.000000	0.000000	-1191.000000
### Heading :      60.000 (deg) ###
0.350	-15.920000	5.970000	0.000000	0.000000	0.000000	1506.000000
0.400	-13.610000	8.906000	0.000000	0.000000	0.000000	-1825.000000
0.450	-7.123000	11.180000	0.000000	0.000000	0.000000	-1485.000000
0.500	-4.104000	15.420000	0.000000	0.000000	0.000000	-1166.000000
0.550	0.344000	22.590000	0.000000	0.000000	0.000000	-794.900000
0.600	11.650000	38.450000	0.000000	0.000000	0.000000	-471.700000
0.650	38.270000	72.850000	0.000000	0.000000	0.000000	-319.600000
0.700	87.360000	151.000000	0.000000	0.000000	0.000000	-1223.000000
0.750	155.600000	301.600000	0.000000	0.000000	0.000000	-3469.000000
0.800	205.700000	504.500000	0.000000	0.000000	0.000000	-6211.000000
0.850	189.000000	627.900000	0.000000	0.000000	0.000000	-7445.000000
### Heading :      90.000 (deg) ###
0.350	6.377000	3.912000	0.000000	0.000000	0.000000	6.360000
0.400	2.718000	2.193000	0.000000	0.000000	0.000000	-2.891000
0.450	0.988500	1.258000	0.000000	0.000000	0.000000	-6.078000
0.500	0.444500	1.502000	0.000000	0.000000	0.000000	-2.287000
0.550	0.082790	3.125000	0.000000	0.000000	0.000000	19.070000
0.600	-0.370500	8.489000	0.000000	0.000000	0.000000	105.000000
0.650	-1.034000	23.040000	0.000000	0.000000	0.000000	407.000000
0.700	-2.893000	64.490000	0.000000	0.000000	0.000000	1315.000000
0.750	-7.656000	170.400000	0.000000	0.000000	0.000000	3581.000000
0.800	-17.910000	391.800000	0.000000	0.000000	0.000000	7102.000000
0.850	-30.590000	706.200000	0.000000	0.000000	0.000000	8423.000000
### Heading :     120.000 (deg) ###
0.350	36.250000	0.108000	0.000000	0.000000	0.000000	702.200000
0.400	7.884000	-5.321000	0.000000	0.000000	0.000000	2618.000000
0.450	1.303000	-8.933000	0.000000	0.000000	0.000000	1756.000000
0.500	-0.018880	-11.680000	0.000000	0.000000	0.000000	1310.000000
0.550	-2.492000	-10.970000	0.000000	0.000000	0.000000	965.800000
0.600	-12.830000	2.308000	0.000000	0.000000	0.000000	1009.000000
0.650	-39.150000	44.350000	0.000000	0.000000	0.000000	1882.000000
0.700	-90.600000	145.100000	0.000000	0.000000	0.000000	5105.000000
0.750	-160.800000	334.800000	0.000000	0.000000	0.000000	11410.000000
0.800	-207.100000	568.100000	0.000000	0.000000	0.000000	18370.000000
0.850	-182.200000	676.800000	0.000000	0.000000	0.000000	19580.000000
### Heading :     150.000 (deg) ###
0.350	24.840000	-1.062000	0.000000	0.000000	0.000000	1328.000000
0.400	7.605000	-4.476000	0.000000	0.000000	0.000000	3022.000000
0.450	6.226000	-5.388000	0.000000	0.000000	0.000000	2346.000000
0.500	5.501000	-4.131000	0.000000	0.000000	0.000000	2508.000000
0.550	-3.473000	2.012000	0.000000	0.000000	0.000000	3212.000000
0.600	-29.600000	18.080000	0.000000	0.000000	0.000000	4628.000000
0.650	-64.330000	43.740000	0.000000	0.000000	0.000000	6125.000000
0.700	-86.450000	79.540000	0.000000	0.000000	0.000000	7256.000000
0.750	-79.310000	120.900000	0.000000	0.000000	0.000000	6685.000000
0.800	-56.230000	163.800000	0.000000	0.000000	0.000000	4394.000000
0.850	-44.260000	204.600000	0.000000	0.000000	0.000000	2147.000000
### Heading :     180.000 (deg) ###
0.350	5.824000	0.003738	0.000000	0.000000	0.000000	-2.225000
0.400	8.743000	-0.001914	0.000000	0.000000	0.000000	-3.478000
0.450	11.230000	-0.006436	0.000000	0.000000	0.000000	-4.944000
0.500	9.932000	0.009025	0.000000	0.000000	0.000000	-4.726000
0.550	-2.445000	0.036060	0.000000	0.000000	0.000000	-2.844000
0.600	-29.810000	0.043640	0.000000	0.000000	0.000000	-1.234000
0.650	-52.120000	-0.065030	0.000000	0.000000	0.000000	-6.550000
0.700	-52.100000	-0.110700	0.000000	0.000000	0.000000	-6.111000
0.750	-41.880000	-0.094770	0.000000	0.000000	0.000000	-2.645000
0.800	-46.310000	-0.068310	0.000000	0.000000	0.000000	-1.336000
0.850	-49.740000	0.008382	0.000000	0.000000	0.000000	1.294000
### Heading :     210.000 (deg) ###
0.350	24.830000	1.069000	0.000000	0.000000	0.000000	-1331.000000
0.400	7.620000	4.477000	0.000000	0.000000	0.000000	-3027.000000
0.450	6.237000	5.378000	0.000000	0.000000	0.000000	-2353.000000
0.500	5.509000	4.128000	0.000000	0.000000	0.000000	-2517.000000
0.550	-3.464000	-1.972000	0.000000	0.000000	0.000000	-3219.000000
0.600	-29.590000	-18.000000	0.000000	0.000000	0.000000	-4631.000000
0.650	-64.310000	-43.870000	0.000000	0.000000	0.000000	-6141.000000
0.700	-86.400000	-79.820000	0.000000	0.000000	0.000000	-7277.000000
0.750	-79.260000	-121.100000	0.000000	0.000000	0.000000	-6695.000000
0.800	-56.200000	-163.700000	0.000000	0.000000	0.000000	-4392.000000
0.850	-44.210000	-204.200000	0.000000	0.000000	0.000000	-2147.000000
### Heading :     240.000 (deg) ###
0.350	36.230000	-0.104300	0.000000	0.000000	0.000000	-702.800000
0.400	7.911000	5.322000	0.000000	0.000000	0.000000	-2618.000000
0.450	1.319000	8.932000	0.000000	0.000000	0.000000	-1757.000000
0.500	-0.007912	11.680000	0.000000	0.000000	0.000000	-1312.000000
0.550	-2.481000	10.980000	0.000000	0.000000	0.000000	-966.800000
0.600	-12.810000	-2.249000	0.000000	0.000000	0.000000	-1008.000000
0.650	-39.110000	-44.360000	0.000000	0.000000	0.000000	-1884.000000
0.700	-90.520000	-145.300000	0.000000	0.000000	0.000000	-5119.000000
0.750	-160.600000	-335.100000	0.000000	0.000000	0.000000	-11440.000000
0.800	-206.900000	-568.200000	0.000000	0.000000	0.000000	-18390.000000
0.850	-182.100000	-676.600000	0.000000	0.000000	0.000000	-19570.000000
### Heading :     270.000 (deg) ###
0.350	6.359000	-3.915000	0.000000	0.000000	0.000000	-6.254000
0.400	2.745000	-2.196000	0.000000	0.000000	0.000000	2.977000
0.450	1.003000	-1.259000	0.000000	0.000000	0.000000	6.081000
0.500	0.452900	-1.504000	0.000000	0.000000	0.000000	2.163000
0.550	0.086600	-3.127000	0.000000	0.000000	0.000000	-19.210000
0.600	-0.370000	-8.472000	0.000000	0.000000	0.000000	-105.200000
0.650	-1.036000	-23.040000	0.000000	0.000000	0.000000	-406.600000
0.700	-2.898000	-64.480000	0.000000	0.000000	0.000000	-1313.000000
0.750	-7.662000	-170.400000	0.000000	0.000000	0.000000	-3575.000000
0.800	-17.900000	-391.700000	0.000000	0.000000	0.000000	-7080.000000
0.850	-30.550000	-706.500000	0.000000	0.000000	0.000000	-8392.000000
### Heading :     300.000 (deg) ###
0.350	-15.950000	-5.984000	0.000000	0.000000	0.000000	-1507.000000
0.400	-13.590000	-8.920000	0.000000	0.000000	0.000000	1825.000000
0.450	-7.115000	-11.200000	0.000000	0.000000	0.000000	1484.000000
0.500	-4.107000	-15.460000	0.000000	0.000000	0.000000	1164.000000
0.550	0.324300	-22.650000	0.000000	0.000000	0.000000	790.700000
0.600	11.600000	-38.570000	0.000000	0.000000	0.000000	462.900000
0.650	38.180000	-73.080000	0.000000	0.000000	0.000000	304.900000
0.700	87.220000	-151.500000	0.000000	0.000000	0.000000	1206.000000
0.750	155.500000	-302.400000	0.000000	0.000000	0.000000	3463.000000
0.800	205.500000	-505.700000	0.000000	0.000000	0.000000	6236.000000
0.850	188.900000	-629.500000	0.000000	0.000000	0.000000	7502.000000
### Heading :     330.000 (deg) ###
0.350	-5.624000	-3.506000	0.000000	0.000000	0.000000	-2126.000000
0.400	-5.298000	-6.061000	0.000000	0.000000	0.000000	1905.000000
0.450	1.661000	-6.565000	0.000000	0.000000	0.000000	2019.000000
0.500	7.490000	-6.995000	0.000000	0.000000	0.000000	2369.000000
0.550	18.270000	-8.432000	0.000000	0.000000	0.000000	3064.000000
0.600	40.670000	-14.910000	0.000000	0.000000	0.000000	4221.000000
0.650	70.370000	-29.060000	0.000000	0.000000	0.000000	5321.000000
0.700	89.540000	-53.280000	0.000000	0.000000	0.000000	6030.000000
0.750	83.300000	-86.920000	0.000000	0.000000	0.000000	5199.000000
0.800	64.030000	-128.900000	0.000000	0.000000	0.000000	3010.000000
0.850	59.100000	-173.700000	0.000000	0.000000	0.000000	1229.000000
### Heading :     360.000 (deg) ###
0.350	5.813000	-0.026110	0.000000	0.000000	0.000000	-1.962000
0.400	8.771000	-0.049190	0.000000	0.000000	0.000000	-1.485000
0.450	12.130000	-0.077780	0.000000	0.000000	0.000000	-2.594000
0.500	16.940000	-0.114400	0.000000	0.000000	0.000000	-5.039000
0.550	27.170000	-0.137000	0.000000	0.000000	0.000000	-7.576000
0.600	46.140000	-0.150200	0.000000	0.000000	0.000000	-9.479000
0.650	61.030000	-0.070350	0.000000	0.000000	0.000000	-4.685000
0.700	58.880000	0.069240	0.000000	0.000000	0.000000	5.983000
0.750	51.120000	0.150800	0.000000	0.000000	0.000000	14.390000
0.800	62.080000	0.042300	0.000000	0.000000	0.000000	10.320000
0.850	75.060000	-0.191200	0.000000	0.000000	0.000000	-0.361200
